item_number,sentence,sentenceB,sentenceC,letter,letter2,letter3,correctB,correct,correctC,gjt,escriba,feed_correct,feed_incorrect,feed_incorrect_1st,feed_incorrect_2nd,feed_incorrect_1and2,feed_incorrect_1and3,feed_incorrect_2and3,feed_incorrect_3rd,feedS_correct,feedS_incorrect,feed1,feed2,feed3,go_on,feed_series,get_it,practice1.thisRepN,practice1.thisTrialN,practice1.thisN,practice1.thisIndex,trials_4.thisRepN,trials_4.thisTrialN,trials_4.thisN,trials_4.thisIndex,trials.thisRepN,trials.thisTrialN,trials.thisN,trials.thisIndex,nofeed.thisRepN,nofeed.thisTrialN,nofeed.thisN,nofeed.thisIndex,trials_3.thisRepN,trials_3.thisTrialN,trials_3.thisN,trials_3.thisIndex,experiment.thisRepN,experiment.thisTrialN,experiment.thisN,experiment.thisIndex,trials_2.thisRepN,trials_2.thisTrialN,trials_2.thisN,trials_2.thisIndex,grating_16.started,grating_16.stopped,text_31.started,text_31.stopped,key_resp_13.keys,key_resp_13.rt,key_resp_13.started,key_resp_13.stopped,grating_18.started,grating_18.stopped,text_33.started,text_33.stopped,key_resp_15.keys,key_resp_15.rt,key_resp_15.started,key_resp_15.stopped,grating_19.started,grating_19.stopped,text_34.started,text_34.stopped,key_resp_16.keys,key_resp_16.rt,key_resp_16.started,key_resp_16.stopped,grating_17.started,grating_17.stopped,text.started,text.stopped,key_resp_14.keys,key_resp_14.rt,key_resp_14.started,key_resp_14.stopped,grating_28.started,grating_28.stopped,text_29.started,text_29.stopped,key_resp_25.keys,key_resp_25.rt,key_resp_25.started,key_resp_25.stopped,grating_23.started,grating_23.stopped,text_20.started,text_20.stopped,key_resp_17.keys,key_resp_17.rt,key_resp_17.started,key_resp_17.stopped,grating_24.started,grating_24.stopped,text_21.started,text_21.stopped,key_resp_21.keys,key_resp_21.rt,key_resp_21.started,key_resp_21.stopped,grating_26.started,grating_26.stopped,text_23.started,text_23.stopped,key_resp_23.keys,key_resp_23.rt,key_resp_23.started,key_resp_23.stopped,grating_5.started,grating_5.stopped,ISI_4.started,ISI_4.stopped,text_24.started,text_24.stopped,text_25.started,text_25.stopped,Press_4.keys,Press_4.corr,Press_4.rt,Press_4.started,Press_4.stopped,grating_6.started,grating_6.stopped,ISI_5.started,ISI_5.stopped,text_26.started,text_26.stopped,grating_2.started,grating_2.stopped,ISI_2.started,ISI_2.stopped,text_5.started,text_5.stopped,text_6.started,text_6.stopped,Press_2.keys,Press_2.corr,Press_2.rt,Press_2.started,Press_2.stopped,grating_13.started,grating_13.stopped,ISI_6.started,ISI_6.stopped,text_27.started,text_27.stopped,grating_3.started,grating_3.stopped,text_13.started,text_13.stopped,response,Print_response.started,Print_response.stopped,grating_10.started,grating_10.stopped,text10_3.started,text10_3.stopped,text11_3.started,text11_3.stopped,text13_3.started,text13_3.stopped,text_2.started,text_2.stopped,text_7.started,text_7.stopped,text_8.started,text_8.stopped,Press6_3.keys,Press6_3.rt,Press6_3.started,Press6_3.stopped,grating_4.started,grating_4.stopped,ISI_3.started,ISI_3.stopped,text_12.started,text_12.stopped,text_15.started,text_15.stopped,Press_3.keys,Press_3.corr,Press_3.rt,Press_3.started,Press_3.stopped,grating_14.started,grating_14.stopped,ISI_7.started,ISI_7.stopped,text_28.started,text_28.stopped,grating_12.started,grating_12.stopped,text10_5.started,text10_5.stopped,text11_5.started,text11_5.stopped,text13_5.started,text13_5.stopped,text_19.started,text_19.stopped,text_16.started,text_16.stopped,text_17.started,text_17.stopped,text_18.started,text_18.stopped,Press6_5.keys,Press6_5.rt,Press6_5.started,Press6_5.stopped,grating_22.started,grating_22.stopped,text_37.started,text_37.stopped,key_resp_20.keys,key_resp_20.rt,key_resp_20.started,key_resp_20.stopped,grating_15.started,grating_15.stopped,ISI_8.started,ISI_8.stopped,text_30.started,text_30.stopped,text_32.started,text_32.stopped,Press_5.keys,Press_5.corr,Press_5.rt,Press_5.started,Press_5.stopped,grating_20.started,grating_20.stopped,text_35.started,text_35.stopped,key_resp_18.keys,key_resp_18.rt,key_resp_18.started,key_resp_18.stopped,grating.started,grating.stopped,ISI.started,ISI.stopped,text_3.started,text_3.stopped,text_4.started,text_4.stopped,Press.keys,Press.corr,Press.rt,Press.started,Press.stopped,grating_21.started,grating_21.stopped,text_36.started,text_36.stopped,key_resp_19.keys,key_resp_19.rt,key_resp_19.started,key_resp_19.stopped,session,participant,date,expName,psychopyVersion,frameRate,
,,,,,,,,,,,,,,,,,,,,,,,,,,,,,,,,,,,,,,,,,,,,,,,,,,,,,,,,15.498505861891317,None,15.498505861891317,None,3,26.57563559002665,15.498505861891317,None,,,,,,,,,,,,,,,,,,,,,,,,,,,,,,,,,,,,,,,,,,,,,,,,,,,,,,,,,,,,,,,,,,,,,,,,,,,,,,,,,,,,,,,,,,,,,,,,,,,,,,,,,,,,,,,,,,,,,,,,,,,,,,,,,,,,,,,,,,,,,,,,,,,,,,,,,,,,,,,,,,,,,,,,,,,,,,,,,,,,,,,,,,,,,,,,,,,,,,,,,,,,,,,,,001,NENA_002_B,2020_Mar_02_1514,Control Task #6k,3.2.4,100.00259801146187,
,,,,,,,,,,,,,,,,,,,,,,,,,,,,,,,,,,,,,,,,,,,,,,,,,,,,,,,,,,,,,,,,42.08315439063699,None,42.08315439063699,None,3,28.950425790069858,42.08315439063699,None,,,,,,,,,,,,,,,,,,,,,,,,,,,,,,,,,,,,,,,,,,,,,,,,,,,,,,,,,,,,,,,,,,,,,,,,,,,,,,,,,,,,,,,,,,,,,,,,,,,,,,,,,,,,,,,,,,,,,,,,,,,,,,,,,,,,,,,,,,,,,,,,,,,,,,,,,,,,,,,,,,,,,,,,,,,,,,,,,,,,,,,,,,,,,,,,,,,,,,,,,001,NENA_002_B,2020_Mar_02_1514,Control Task #6k,3.2.4,100.00259801146187,
,,,,,,,,,,,,,,,,,,,,,,,,,,,,,,,,,,,,,,,,,,,,,,,,,,,,,,,,,,,,,,,,,,,,,,,,71.04829191645149,None,71.04829191645149,None,2,19.88081662658078,71.04829191645149,None,,,,,,,,,,,,,,,,,,,,,,,,,,,,,,,,,,,,,,,,,,,,,,,,,,,,,,,,,,,,,,,,,,,,,,,,,,,,,,,,,,,,,,,,,,,,,,,,,,,,,,,,,,,,,,,,,,,,,,,,,,,,,,,,,,,,,,,,,,,,,,,,,,,,,,,,,,,,,,,,,,,,,,,,,,,,,,,,,,,,,,,,,,,,,,,,,001,NENA_002_B,2020_Mar_02_1514,Control Task #6k,3.2.4,100.00259801146187,
,,,,,,,,,,,,,,,,,,,,,,,,,,,,,,,,,,,,,,,,,,,,,,,,,,,,,,,,,,,,,,,,,,,,,,,,,,,,,,,,90.94184167235835,None,90.94184167235835,None,2,8.994894881121581,90.94184167235835,None,,,,,,,,,,,,,,,,,,,,,,,,,,,,,,,,,,,,,,,,,,,,,,,,,,,,,,,,,,,,,,,,,,,,,,,,,,,,,,,,,,,,,,,,,,,,,,,,,,,,,,,,,,,,,,,,,,,,,,,,,,,,,,,,,,,,,,,,,,,,,,,,,,,,,,,,,,,,,,,,,,,,,,,,,,,,,,,,,,,,,,,,,001,NENA_002_B,2020_Mar_02_1514,Control Task #6k,3.2.4,100.00259801146187,
,,,,,,,,,,,,,,,,,,,,,,,,,,,,,,,,,,,,,,,,,,,,,,,,,,,,,,,,,,,,,,,,,,,,,,,,,,,,,,,,,,,,,,,,99.95339033199525,None,99.95339033199525,None,2,23.49495084915725,99.95339033199525,None,,,,,,,,,,,,,,,,,,,,,,,,,,,,,,,,,,,,,,,,,,,,,,,,,,,,,,,,,,,,,,,,,,,,,,,,,,,,,,,,,,,,,,,,,,,,,,,,,,,,,,,,,,,,,,,,,,,,,,,,,,,,,,,,,,,,,,,,,,,,,,,,,,,,,,,,,,,,,,,,,,,,,,,,,,,,,,,,,001,NENA_002_B,2020_Mar_02_1514,Control Task #6k,3.2.4,100.00259801146187,
,,,,,,,,,,,,,,,,,,,,,,,,,,,,,,,,,,,,,,,,,,,,,,,,,,,,,,,,,,,,,,,,,,,,,,,,,,,,,,,,,,,,,,,,,,,,,,,,123.46765865334964,None,123.46765865334964,None,2,22.12419868685174,123.46765865334964,None,,,,,,,,,,,,,,,,,,,,,,,,,,,,,,,,,,,,,,,,,,,,,,,,,,,,,,,,,,,,,,,,,,,,,,,,,,,,,,,,,,,,,,,,,,,,,,,,,,,,,,,,,,,,,,,,,,,,,,,,,,,,,,,,,,,,,,,,,,,,,,,,,,,,,,,,,,,,,,,,,,,,,,,,,001,NENA_002_B,2020_Mar_02_1514,Control Task #6k,3.2.4,100.00259801146187,
,,,,,,,,,,,,,,,,,,,,,,,,,,,,,,,,,,,,,,,,,,,,,,,,,,,,,,,,,,,,,,,,,,,,,,,,,,,,,,,,,,,,,,,,,,,,,,,,,,,,,,,,145.6015454234348,None,145.6015454234348,None,2,15.653953636656297,145.6015454234348,None,,,,,,,,,,,,,,,,,,,,,,,,,,,,,,,,,,,,,,,,,,,,,,,,,,,,,,,,,,,,,,,,,,,,,,,,,,,,,,,,,,,,,,,,,,,,,,,,,,,,,,,,,,,,,,,,,,,,,,,,,,,,,,,,,,,,,,,,,,,,,,,,,,,,,,,,,,,,,,,,,001,NENA_002_B,2020_Mar_02_1514,Control Task #6k,3.2.4,100.00259801146187,
,,,,,,,,,,,,,,,,,,,,,,,,,,,,,,,,,,,,,,,,,,,,,,,,,,,,,,,,,,,,,,,,,,,,,,,,,,,,,,,,,,,,,,,,,,,,,,,,,,,,,,,,,,,,,,,,161.27436269404825,None,161.27436269404825,None,2,6.9411071921003895,161.27436269404825,None,,,,,,,,,,,,,,,,,,,,,,,,,,,,,,,,,,,,,,,,,,,,,,,,,,,,,,,,,,,,,,,,,,,,,,,,,,,,,,,,,,,,,,,,,,,,,,,,,,,,,,,,,,,,,,,,,,,,,,,,,,,,,,,,,,,,,,,,,,,,,,,,,,,,,,,,,001,NENA_002_B,2020_Mar_02_1514,Control Task #6k,3.2.4,100.00259801146187,
1,Jonas satt på rädslan.,Sara åkte till Portugal på semester.,None,V,P,None,2,3,None,BRA                        DÅLIG,Skriv in bokstäverna som visades efter varje mening i samma ordning som de visades och tryck ENTER.,Du fick alla meningar RÄTT!,Du fick alla meningar FEL!,Du gjorde ett fel i mening 1!,Du gjorde ett fel i mening 2!,Du gjorde ett fel i meningar 1 och 2!,Du gjorde ett fel i meningar 1 och 3!,Du gjorde ett fel i meningar 2 och 3!,Du gjorde ett fel i mening 3!,Bokstavsraden är KORREKT!,Bokstavsraden är INKORREKT!,'Jonas satt på rädslan' ÄR INTE RIMLIG.,'Sara åkte till Portugal på semester' ÄR RIMLIG.,'Kniven spottade på Victoria' ÄR INTE RIMLIG.,Tryck på någon av knapparna för att fortsätta med övningen.,Den korrekta bokstavssträngen är VP.,VP,0,0,0,0,,,,,0,0,0,0,,,,,,,,,,,,,,,,,,,,,,,,,,,,,,,,,,,,,,,,,,,,,,,,,,,,,,,,,,,,,,,,,,,,,,,,,,,,,,,,,168.3050235562896,None,0.00407710310719267,None,168.3050235562896,None,168.3050235562896,None,3,1,4.806463169663402,168.3050235562896,None,173.13659600795654,None,0.006020557108058711,None,173.13659600795654,None,175.16666222985077,None,0.006056222699044156,None,175.16666222985077,None,175.16666222985077,None,2,1,4.768458787799318,175.16666222985077,None,179.95758745366766,None,0.007023812231636839,None,179.95758745366766,None,181.99765511565602,None,181.99765511565602,None,VP,181.99765511565602,None,185.19956181356974,None,185.19956181356974,None,185.19956181356974,None,185.19956181356974,None,185.19956181356974,None,185.19956181356974,None,185.19956181356974,None,3,9.495127252714155,185.19956181356974,None,,,,,,,,,,,,,,,,,,,,,,,,,,,,,,,,,,,,,,,,,,,,,,,,,,,,,,,,,,,,,,,,,,,,,,,,,,,,,,,,,,,,,,,,,,001,NENA_002_B,2020_Mar_02_1514,Control Task #6k,3.2.4,100.00259801146187,
1,Jonas satt på rädslan.,Sara åkte till Portugal på semester.,None,V,P,None,2,3,None,BRA                        DÅLIG,Skriv in bokstäverna som visades efter varje mening i samma ordning som de visades och tryck ENTER.,Du fick alla meningar RÄTT!,Du fick alla meningar FEL!,Du gjorde ett fel i mening 1!,Du gjorde ett fel i mening 2!,Du gjorde ett fel i meningar 1 och 2!,Du gjorde ett fel i meningar 1 och 3!,Du gjorde ett fel i meningar 2 och 3!,Du gjorde ett fel i mening 3!,Bokstavsraden är KORREKT!,Bokstavsraden är INKORREKT!,'Jonas satt på rädslan' ÄR INTE RIMLIG.,'Sara åkte till Portugal på semester' ÄR RIMLIG.,'Kniven spottade på Victoria' ÄR INTE RIMLIG.,Tryck på någon av knapparna för att fortsätta med övningen.,Den korrekta bokstavssträngen är VP.,VP,0,0,0,0,,,,,,,,,,,,,,,,,,,,,,,,,,,,,,,,,,,,,,,,,,,,,,,,,,,,,,,,,,,,,,,,,,,,,,,,,,,,,,,,,,,,,,,,,,,,,,,,,,,,,,,,,,,,,,,,,,,,,,,,,,,,,,,,,,,,,,,,,,,,,,,,,,,,,,,,,,,,,,,,,,,,,,,,,,,,,,,,,,,,,,,,,,,,,,,,,,,,,,,,,,,,,,,,,,,,,,,,,,,,,,,,,,,,,,,,,,,,,,,,,001,NENA_002_B,2020_Mar_02_1514,Control Task #6k,3.2.4,100.00259801146187,
2,Valen närmade sig skeppet bakifrån.,Luften klippte håret.,None,Z,T,None,3,2,None,BRA                        DÅLIG,Skriv in bokstäverna som visades efter varje mening i samma ordning som de visades och tryck ENTER.,Du fick alla meningar RÄTT!,Du fick alla meningar FEL!,Du gjorde ett fel i mening 1!,Du gjorde ett fel i mening 2!,Du gjorde ett fel i meningar 1 och 2!,Du gjorde ett fel i meningar 1 och 3!,Du gjorde ett fel i meningar 2 och 3!,Du gjorde ett fel i mening 3!,Bokstavsraden är KORREKT!,Bokstavsraden är INKORREKT!,'Valen närmade sig skeppet bakifrån' ÄR RIMLIG.,'Luften klippte håret' ÄR INTE RIMLIG.,'Läkaren masserade skräck' ÄR INTE RIMLIG.,Tryck på någon av knapparna för att fortsätta med övningen.,Den korrekta bokstavssträngen är ZT.,ZT,0,1,1,1,,,,,0,0,0,0,,,,,,,,,,,,,,,,,,,,,,,,,,,,,,,,,,,,,,,,,,,,,,,,,,,,,,,,,,,,,,,,,,,,,,,,,,,,,,,,,194.80021271061378,None,0.00258411963841354,None,194.80021271061378,None,194.80021271061378,None,2,1,4.318477695052934,194.80021271061378,None,199.14098492840094,None,0.006685438143904321,None,199.14098492840094,None,201.16140893198644,None,0.001906505474835285,None,201.16140893198644,None,201.16140893198644,None,3,1,3.4129976063632057,201.16140893198644,None,204.60171252571126,None,0.0019818458295048913,None,204.60171252571126,None,206.63338883096185,None,206.63338883096185,None,ZT,206.63338883096185,None,209.47229614243952,None,209.47229614243952,None,209.47229614243952,None,209.47229614243952,None,209.47229614243952,None,209.47229614243952,None,209.47229614243952,None,2,3.11811982035033,209.47229614243952,None,,,,,,,,,,,,,,,,,,,,,,,,,,,,,,,,,,,,,,,,,,,,,,,,,,,,,,,,,,,,,,,,,,,,,,,,,,,,,,,,,,,,,,,,,,001,NENA_002_B,2020_Mar_02_1514,Control Task #6k,3.2.4,100.00259801146187,
2,Valen närmade sig skeppet bakifrån.,Luften klippte håret.,None,Z,T,None,3,2,None,BRA                        DÅLIG,Skriv in bokstäverna som visades efter varje mening i samma ordning som de visades och tryck ENTER.,Du fick alla meningar RÄTT!,Du fick alla meningar FEL!,Du gjorde ett fel i mening 1!,Du gjorde ett fel i mening 2!,Du gjorde ett fel i meningar 1 och 2!,Du gjorde ett fel i meningar 1 och 3!,Du gjorde ett fel i meningar 2 och 3!,Du gjorde ett fel i mening 3!,Bokstavsraden är KORREKT!,Bokstavsraden är INKORREKT!,'Valen närmade sig skeppet bakifrån' ÄR RIMLIG.,'Luften klippte håret' ÄR INTE RIMLIG.,'Läkaren masserade skräck' ÄR INTE RIMLIG.,Tryck på någon av knapparna för att fortsätta med övningen.,Den korrekta bokstavssträngen är ZT.,ZT,0,1,1,1,,,,,,,,,,,,,,,,,,,,,,,,,,,,,,,,,,,,,,,,,,,,,,,,,,,,,,,,,,,,,,,,,,,,,,,,,,,,,,,,,,,,,,,,,,,,,,,,,,,,,,,,,,,,,,,,,,,,,,,,,,,,,,,,,,,,,,,,,,,,,,,,,,,,,,,,,,,,,,,,,,,,,,,,,,,,,,,,,,,,,,,,,,,,,,,,,,,,,,,,,,,,,,,,,,,,,,,,,,,,,,,,,,,,,,,,,,,,,,,,,001,NENA_002_B,2020_Mar_02_1514,Control Task #6k,3.2.4,100.00259801146187,
3,Kniven spottade på Victoria.,Läkaren masserade skräck.,Väntan var kort.,S,W,L,3,3,2.0,BRA                        DÅLIG,Skriv in bokstäverna som visades efter varje mening i samma ordning som de visades och tryck ENTER.,Du fick alla meningar RÄTT!,Du fick alla meningar FEL!,Du gjorde ett fel i mening 1!,Du gjorde ett fel i mening 2!,Du gjorde ett fel i meningar 1 och 2!,Du gjorde ett fel i meningar 1 och 3!,Du gjorde ett fel i meningar 2 och 3!,Du gjorde ett fel i mening 3!,Bokstavsraden är KORREKT!,Bokstavsraden är INKORREKT!,'Kniven spottade på Victoria' ÄR INTE RIMLIG.,'Läkaren masserade skräck' ÄR INTE RIMLIG.,'Väntan var kort' ÄR RIMLIG.,Tryck på någon av knapparna för att fortsätta med övningen.,Den korrekta bokstavssträngen är SWL.,SWL,0,2,2,2,0,0,0,0,,,,,,,,,,,,,,,,,,,,,,,,,,,,,,,,,,,,,,,,,,,,,,,,,,,,,,,,,,,,,,,,,,,,,,,,,,,,,,,,,,,,,212.68426201252078,None,0.003932484265533276,None,212.68426201252078,None,212.68426201252078,None,3,1,2.730019811722741,212.68426201252078,None,215.44378483769833,None,0.008353574305147049,None,215.44378483769833,None,217.46402730598857,None,0.004391229727843893,None,217.46402730598857,None,217.46402730598857,None,3,1,3.862144470662315,217.46402730598857,None,221.35467666671684,None,0.008555315824196441,None,221.35467666671684,None,228.2159490623526,None,228.2159490623526,None,SWL,228.2159490623526,None,,,,,,,,,,,,,,,,,,,223.38504117098637,None,0.001418701534930733,None,223.38504117098637,None,223.38504117098637,None,2,0,2.77294553203501,223.38504117098637,None,226.18565993051016,None,0.007623905055879732,None,226.18565993051016,None,230.99606716292874,None,230.99606716292874,None,230.99606716292874,None,230.99606716292874,None,230.99606716292874,None,230.99606716292874,None,230.99606716292874,None,230.99606716292874,None,2,15.809491216867173,230.99606716292874,None,,,,,,,,,,,,,,,,,,,,,,,,,,,,,,,,,,,,,,,,,,,,,,,,,,,001,NENA_002_B,2020_Mar_02_1514,Control Task #6k,3.2.4,100.00259801146187,
3,Kniven spottade på Victoria.,Läkaren masserade skräck.,Väntan var kort.,S,W,L,3,3,2.0,BRA                        DÅLIG,Skriv in bokstäverna som visades efter varje mening i samma ordning som de visades och tryck ENTER.,Du fick alla meningar RÄTT!,Du fick alla meningar FEL!,Du gjorde ett fel i mening 1!,Du gjorde ett fel i mening 2!,Du gjorde ett fel i meningar 1 och 2!,Du gjorde ett fel i meningar 1 och 3!,Du gjorde ett fel i meningar 2 och 3!,Du gjorde ett fel i mening 3!,Bokstavsraden är KORREKT!,Bokstavsraden är INKORREKT!,'Kniven spottade på Victoria' ÄR INTE RIMLIG.,'Läkaren masserade skräck' ÄR INTE RIMLIG.,'Väntan var kort' ÄR RIMLIG.,Tryck på någon av knapparna för att fortsätta med övningen.,Den korrekta bokstavssträngen är SWL.,SWL,0,2,2,2,,,,,,,,,,,,,,,,,,,,,,,,,,,,,,,,,,,,,,,,,,,,,,,,,,,,,,,,,,,,,,,,,,,,,,,,,,,,,,,,,,,,,,,,,,,,,,,,,,,,,,,,,,,,,,,,,,,,,,,,,,,,,,,,,,,,,,,,,,,,,,,,,,,,,,,,,,,,,,,,,,,,,,,,,,,,,,,,,,,,,,,,,,,,,,,,,,,,,,,,,,,,,,,,,,,,,,,,,,,,,,,,,,,,,,,,,,,,,,,,,001,NENA_002_B,2020_Mar_02_1514,Control Task #6k,3.2.4,100.00259801146187,
,,,,,,,,,,,,,,,,,,,,,,,,,,,,,,,,,,,,,,,,,,,,,,,,,,,,,,,,,,,,,,,,,,,,,,,,,,,,,,,,,,,,,,,,,,,,,,,,,,,,,,,,,,,,,,,,,,,,,,,,,,,,,,,,,,,,,,,,,,,,,,,,,,,,,,,,,,,,,,,,,,,,,,,,,,,,,,,,,,,,,,,,,,,,,,,,,,,,,,,,,,,,,,,,,,,,,,,,,,,,,,247.03898775150083,None,247.03898775150083,None,2,4.502516957994885,247.03898775150083,None,,,,,,,,,,,,,,,,,,,,,,,,,,,,,,,,,,,,,,,,,,,001,NENA_002_B,2020_Mar_02_1514,Control Task #6k,3.2.4,100.00259801146187,
8,Bron förstördes av jordbävningen.,,,W,,,,2,,BRA                        DÅLIG,Skriv in bokstäverna som visades efter varje mening i samma ordning som de visades och tryck ENTER.,,,,,,,,,,,,,,,,,,,,,,,,,,,,,0,0,0,7,,,,,,,,,,,,,,,,,,,,,,,,,,,,,,,,,,,,,,,,,,,,,,,,,,,,,,,,,,,,,,,,,,,,,,,,,,,,,,,,,,,,,,,,,,254.84059854046973,None,0.009930622085448704,None,254.84059854046973,None,,,,,,,,,,,,,,,,,,,,,,,,,,,,,,,,,,,,,,,,,,,,,,,,,,,,,,,,,,,,,,,,,,,,,,,,,,,,,,,,,,,,,,,,,,,,251.6099569864,None,0.0003343649204907706,None,251.6099569864,None,251.6099569864,None,2,1,3.203378545029409,251.6099569864,None,,,,,,,,,,,,,,,,,,,,,,,,,,,,,,001,NENA_002_B,2020_Mar_02_1514,Control Task #6k,3.2.4,100.00259801146187,
3,Toves cykel är gravid.,,,F,,,,3,,BRA                        DÅLIG,Skriv in bokstäverna som visades efter varje mening i samma ordning som de visades och tryck ENTER.,,,,,,,,,,,,,,,,,,,,,,,,,,,,,0,1,1,2,0,0,0,0,,,,,,,,,,,,,,,,,,,,,,,,,,,,,,,,,,,,,,,,,,,,,,,,,,,,,,,,,,,,,,,,,,,,,,,,,,,,,,,,,,,,,,259.521607992172,None,0.00789171772521513,None,259.521607992172,None,,,,,,,,,,,,,,,,,,,,261.561684955439,None,261.561684955439,None,WF,261.561684955439,None,,,,,,,,,,,,,,,,,,,,,,,,,,,,,,,,,,,,,,,,,,,,,,,,,,,,,,,,,,,,,,,,,,256.86119381587014,None,0.006978941586567089,None,256.86119381587014,None,256.86119381587014,None,3,1,2.632073822642269,256.86119381587014,None,,,,,,,,,,,,,,,,,,,,,,,,,,,,,,001,NENA_002_B,2020_Mar_02_1514,Control Task #6k,3.2.4,100.00259801146187,
3,Toves cykel är gravid.,,,F,,,,3,,BRA                        DÅLIG,Skriv in bokstäverna som visades efter varje mening i samma ordning som de visades och tryck ENTER.,,,,,,,,,,,,,,,,,,,,,,,,,,,,,0,1,1,2,,,,,,,,,,,,,,,,,,,,,,,,,,,,,,,,,,,,,,,,,,,,,,,,,,,,,,,,,,,,,,,,,,,,,,,,,,,,,,,,,,,,,,,,,,,,,,,,,,,,,,,,,,,,,,,,,,,,,,,,,,,,,,,,,,,,,,,,,,,,,,,,,,,,,,,,,,,,,,,,,,,,,,,,,,,,,,,,,,,,,,,,,,,,,,,,,,,,,,,,,,,,,,,,,,,,,,,,,,,,,,,,,,,,,001,NENA_002_B,2020_Mar_02_1514,Control Task #6k,3.2.4,100.00259801146187,
1,Blomman löste ekvationen.,,,B,,,,3,,BRA                        DÅLIG,Skriv in bokstäverna som visades efter varje mening i samma ordning som de visades och tryck ENTER.,,,,,,,,,,,,,,,,,,,,,,,,,,,,,0,2,2,0,,,,,,,,,,,,,,,,,,,,,,,,,,,,,,,,,,,,,,,,,,,,,,,,,,,,,,,,,,,,,,,,,,,,,,,,,,,,,,,,,,,,,,,,,,268.0029042439819,None,0.001966450610780157,None,268.0029042439819,None,,,,,,,,,,,,,,,,,,,,,,,,,,,,,,,,,,,,,,,,,,,,,,,,,,,,,,,,,,,,,,,,,,,,,,,,,,,,,,,,,,,,,,,,,,,,264.253272847227,None,0.00396035602716438,None,264.253272847227,None,264.253272847227,None,3,1,3.727886932378169,264.253272847227,None,,,,,,,,,,,,,,,,,,,,,,,,,,,,,,001,NENA_002_B,2020_Mar_02_1514,Control Task #6k,3.2.4,100.00259801146187,
6,Diktatorns budskap skrämde alla.,,,N,,,,2,,BRA                        DÅLIG,Skriv in bokstäverna som visades efter varje mening i samma ordning som de visades och tryck ENTER.,,,,,,,,,,,,,,,,,,,,,,,,,,,,,0,3,3,5,,,,,,,,,,,,,,,,,,,,,,,,,,,,,,,,,,,,,,,,,,,,,,,,,,,,,,,,,,,,,,,,,,,,,,,,,,,,,,,,,,,,,,,,,,273.5340444427911,None,0.008763472020291374,None,273.5340444427911,None,,,,,,,,,,,,,,,,,,,,,,,,,,,,,,,,,,,,,,,,,,,,,,,,,,,,,,,,,,,,,,,,,,,,,,,,,,,,,,,,,,,,,,,,,,,,270.0233054754717,None,0.009275395137592568,None,270.0233054754717,None,270.0233054754717,None,2,1,3.4858647831460985,270.0233054754717,None,,,,,,,,,,,,,,,,,,,,,,,,,,,,,,001,NENA_002_B,2020_Mar_02_1514,Control Task #6k,3.2.4,100.00259801146187,
2,Emma åt middag med sina vänner i London.,,,Q,,,,2,,BRA                        DÅLIG,Skriv in bokstäverna som visades efter varje mening i samma ordning som de visades och tryck ENTER.,,,,,,,,,,,,,,,,,,,,,,,,,,,,,0,4,4,1,0,0,0,0,,,,,,,,,,,,,,,,,,,,,,,,,,,,,,,,,,,,,,,,,,,,,,,,,,,,,,,,,,,,,,,,,,,,,,,,,,,,,,,,,,,,,,279.8151993151696,None,0.007224270821097889,None,279.8151993151696,None,,,,,,,,,,,,,,,,,,,,281.8553385007817,None,281.8553385007817,None,BNQ,281.8553385007817,None,,,,,,,,,,,,,,,,,,,,,,,,,,,,,,,,,,,,,,,,,,,,,,,,,,,,,,,,,,,,,,,,,,275.5644368508965,None,0.004479463575989939,None,275.5644368508965,None,275.5644368508965,None,2,1,4.224423809861037,275.5644368508965,None,,,,,,,,,,,,,,,,,,,,,,,,,,,,,,001,NENA_002_B,2020_Mar_02_1514,Control Task #6k,3.2.4,100.00259801146187,
2,Emma åt middag med sina vänner i London.,,,Q,,,,2,,BRA                        DÅLIG,Skriv in bokstäverna som visades efter varje mening i samma ordning som de visades och tryck ENTER.,,,,,,,,,,,,,,,,,,,,,,,,,,,,,0,4,4,1,,,,,,,,,,,,,,,,,,,,,,,,,,,,,,,,,,,,,,,,,,,,,,,,,,,,,,,,,,,,,,,,,,,,,,,,,,,,,,,,,,,,,,,,,,,,,,,,,,,,,,,,,,,,,,,,,,,,,,,,,,,,,,,,,,,,,,,,,,,,,,,,,,,,,,,,,,,,,,,,,,,,,,,,,,,,,,,,,,,,,,,,,,,,,,,,,,,,,,,,,,,,,,,,,,,,,,,,,,,,,,,,,,,,,001,NENA_002_B,2020_Mar_02_1514,Control Task #6k,3.2.4,100.00259801146187,
7,Flygvärdinnan hjälpte en kvast som var väldigt trött.,,,S,,,,3,,BRA                        DÅLIG,Skriv in bokstäverna som visades efter varje mening i samma ordning som de visades och tryck ENTER.,,,,,,,,,,,,,,,,,,,,,,,,,,,,,0,5,5,6,,,,,,,,,,,,,,,,,,,,,,,,,,,,,,,,,,,,,,,,,,,,,,,,,,,,,,,,,,,,,,,,,,,,,,,,,,,,,,,,,,,,,,,,,,290.7769130083525,None,0.0022021899076207774,None,290.7769130083525,None,,,,,,,,,,,,,,,,,,,,,,,,,,,,,,,,,,,,,,,,,,,,,,,,,,,,,,,,,,,,,,,,,,,,,,,,,,,,,,,,,,,,,,,,,,,,285.19606228777593,None,0.0012867516725236783,None,285.19606228777593,None,285.19606228777593,None,3,1,5.5526046626346215,285.19606228777593,None,,,,,,,,,,,,,,,,,,,,,,,,,,,,,,001,NENA_002_B,2020_Mar_02_1514,Control Task #6k,3.2.4,100.00259801146187,
9,Fred anlände till Rom efter en lång flygning.,,,K,,,,2,,BRA                        DÅLIG,Skriv in bokstäverna som visades efter varje mening i samma ordning som de visades och tryck ENTER.,,,,,,,,,,,,,,,,,,,,,,,,,,,,,0,6,6,8,,,,,,,,,,,,,,,,,,,,,,,,,,,,,,,,,,,,,,,,,,,,,,,,,,,,,,,,,,,,,,,,,,,,,,,,,,,,,,,,,,,,,,,,,,296.9082999796974,None,0.008144776640619966,None,296.9082999796974,None,,,,,,,,,,,,,,,,,,,,,,,,,,,,,,,,,,,,,,,,,,,,,,,,,,,,,,,,,,,,,,,,,,,,,,,,,,,,,,,,,,,,,,,,,,,,292.8076444320159,None,0.003123080612567719,None,292.8076444320159,None,292.8076444320159,None,2,1,4.076864481336088,292.8076444320159,None,,,,,,,,,,,,,,,,,,,,,,,,,,,,,,001,NENA_002_B,2020_Mar_02_1514,Control Task #6k,3.2.4,100.00259801146187,
5,Celine träffade ett väldigt pratsamt glas.,,,L,,,,3,,BRA                        DÅLIG,Skriv in bokstäverna som visades efter varje mening i samma ordning som de visades och tryck ENTER.,,,,,,,,,,,,,,,,,,,,,,,,,,,,,0,7,7,4,,,,,,,,,,,,,,,,,,,,,,,,,,,,,,,,,,,,,,,,,,,,,,,,,,,,,,,,,,,,,,,,,,,,,,,,,,,,,,,,,,,,,,,,,,303.3191191625265,None,0.0029947229668323416,None,303.3191191625265,None,,,,,,,,,,,,,,,,,,,,,,,,,,,,,,,,,,,,,,,,,,,,,,,,,,,,,,,,,,,,,,,,,,,,,,,,,,,,,,,,,,,,,,,,,,,,298.9383475990362,None,0.008074279367065174,None,298.9383475990362,None,298.9383475990362,None,3,1,4.353992541658954,298.9383475990362,None,,,,,,,,,,,,,,,,,,,,,,,,,,,,,,001,NENA_002_B,2020_Mar_02_1514,Control Task #6k,3.2.4,100.00259801146187,
4,Badrummet såg renare ut än någonsin.,,,Z,,,,2,,BRA                        DÅLIG,Skriv in bokstäverna som visades efter varje mening i samma ordning som de visades och tryck ENTER.,,,,,,,,,,,,,,,,,,,,,,,,,,,,,0,8,8,3,0,0,0,0,,,,,,,,,,,,,,,,,,,,,,,,,,,,,,,,,,,,,,,,,,,,,,,,,,,,,,,,,,,,,,,,,,,,,,,,,,,,,,,,,,,,,,310.77061668437636,None,0.009428353054317995,None,310.77061668437636,None,,,,,,,,,,,,,,,,,,,,312.8107985275765,None,312.8107985275765,None,SKLZ,312.8107985275765,None,,,,,,,,,,,,,,,,,,,,,,,,,,,,,,,,,,,,,,,,,,,,,,,,,,,,,,,,,,,,,,,,,,305.3398013567694,None,0.00857876146073977,None,305.3398013567694,None,305.3398013567694,None,2,1,5.40843388603389,305.3398013567694,None,,,,,,,,,,,,,,,,,,,,,,,,,,,,,,001,NENA_002_B,2020_Mar_02_1514,Control Task #6k,3.2.4,100.00259801146187,
4,Badrummet såg renare ut än någonsin.,,,Z,,,,2,,BRA                        DÅLIG,Skriv in bokstäverna som visades efter varje mening i samma ordning som de visades och tryck ENTER.,,,,,,,,,,,,,,,,,,,,,,,,,,,,,0,8,8,3,,,,,,,,,,,,,,,,,,,,,,,,,,,,,,,,,,,,,,,,,,,,,,,,,,,,,,,,,,,,,,,,,,,,,,,,,,,,,,,,,,,,,,,,,,,,,,,,,,,,,,,,,,,,,,,,,,,,,,,,,,,,,,,,,,,,,,,,,,,,,,,,,,,,,,,,,,,,,,,,,,,,,,,,,,,,,,,,,,,,,,,,,,,,,,,,,,,,,,,,,,,,,,,,,,,,,,,,,,,,,,,,,,,,,001,NENA_002_B,2020_Mar_02_1514,Control Task #6k,3.2.4,100.00259801146187,
,,,,,,,,,,,,,,,,,,,,,,,,,,,,,,,,,,,,,,,,,,,,,,,,,,,,,,,,,,,,,,,,,,,,,,,,,,,,,,,,,,,,,,,,,,,,,,,,,,,,,,,,,,,,,,,,,,,,,,,,,,,,,,,,,,,,,,,,,,,,,,,,,,,,,,,,,,,,,,,,,,,,,,,,,,,,,,,,,,,,,,,,,,,,,,,,,,,,,,,,,,,,,,,,,,,,,,,,,,,,,,,,,,,,,,,,,,,,,,,,,,,317.58141809855624,None,317.58141809855624,None,2,18.80621973275811,317.58141809855624,None,,,,,,,,,,,,,,,,,,,,,,001,NENA_002_B,2020_Mar_02_1514,Control Task #6k,3.2.4,100.00259801146187,
41,För sin disputation skrev Per en vetenskaplig artikel som var mer än fyrtio sidor lång.,,,X,,,,2,,BRA                        DÅLIG,Skriv in bokstäverna som visades efter varje mening i samma ordning som de visades och tryck ENTER.,,,,,,,,,,,,,,,,,,,,,,,,,,,,,,,,,,,,,0,0,0,40,,,,,,,,,,,,,,,,,,,,,,,,,,,,,,,,,,,,,,,,,,,,,,,,,,,,,,,,,,,,,,,,,,,,,,,,,,,,,,,,,,343.7262880747039,None,0.006063214696041541,None,343.7262880747039,None,,,,,,,,,,,,,,,,,,,,,,,,,,,,,,,,,,,,,,,,,,,,,,,,,,,,,,,,,,,,,,,,,,,,,,,,,,,,,,,,,,,,,,,,,,,,,,,,,,,,,,,,,,,,,,,,,336.4552167502552,None,0.005746458056819392,None,336.4552167502552,None,336.4552167502552,None,2,1,7.244205063037953,336.4552167502552,None,,,,,,,,,001,NENA_002_B,2020_Mar_02_1514,Control Task #6k,3.2.4,100.00259801146187,
23,Reportern gäspade flera gånger under den brittiska premiärministerns långa tal.,,,N,,,,2,,BRA                        DÅLIG,Skriv in bokstäverna som visades efter varje mening i samma ordning som de visades och tryck ENTER.,,,,,,,,,,,,,,,,,,,,,,,,,,,,,,,,,,,,,0,1,1,22,0,0,0,0,,,,,,,,,,,,,,,,,,,,,,,,,,,,,,,,,,,,,,,,,,,,,,,,,,,,,,,,,,,,,,,,,,,,,,,,,,,,,,352.07799121895187,None,0.009061112925337511,None,352.07799121895187,None,,,,,,,,,,,,,,,,,,,,354.10843558592205,None,354.10843558592205,None,XN,354.10843558592205,None,,,,,,,,,,,,,,,,,,,,,,,,,,,,,,,,,,,,,,,,,,,,,,,,,,,,,,,,,,,,,,,,,,,,,,,,,,,,,,,,,,,,,,,345.7566249958709,None,0.0012836726327805081,None,345.7566249958709,None,345.7566249958709,None,2,1,6.294617670953812,345.7566249958709,None,,,,,,,,,001,NENA_002_B,2020_Mar_02_1514,Control Task #6k,3.2.4,100.00259801146187,
23,Reportern gäspade flera gånger under den brittiska premiärministerns långa tal.,,,N,,,,2,,BRA                        DÅLIG,Skriv in bokstäverna som visades efter varje mening i samma ordning som de visades och tryck ENTER.,,,,,,,,,,,,,,,,,,,,,,,,,,,,,,,,,,,,,0,1,1,22,,,,,,,,,,,,,,,,,,,,,,,,,,,,,,,,,,,,,,,,,,,,,,,,,,,,,,,,,,,,,,,,,,,,,,,,,,,,,,,,,,,,,,,,,,,,,,,,,,,,,,,,,,,,,,,,,,,,,,,,,,,,,,,,,,,,,,,,,,,,,,,,,,,,,,,,,,,,,,,,,,,,,,,,,,,,,,,,,,,,,,,,,,,,,,,,,,,,,,,,,,,,,,,,,,,,,,,,,,,,,001,NENA_002_B,2020_Mar_02_1514,Control Task #6k,3.2.4,100.00259801146187,
3,Bebisen väcktes av det öronbedövande ljudet från tvättmaskinen.,,,J,,,,2,,BRA                        DÅLIG,Skriv in bokstäverna som visades efter varje mening i samma ordning som de visades och tryck ENTER.,,,,,,,,,,,,,,,,,,,,,,,,,,,,,,,,,,,,,0,2,2,2,,,,,,,,,,,,,,,,,,,,,,,,,,,,,,,,,,,,,,,,,,,,,,,,,,,,,,,,,,,,,,,,,,,,,,,,,,,,,,,,,,363.01985470120417,None,0.008380836674405145,None,363.01985470120417,None,,,,,,,,,,,,,,,,,,,,,,,,,,,,,,,,,,,,,,,,,,,,,,,,,,,,,,,,,,,,,,,,,,,,,,,,,,,,,,,,,,,,,,,,,,,,,,,,,,,,,,,,,,,,,,,,,356.51958576596553,None,0.004455953796423273,None,356.51958576596553,None,356.51958576596553,None,2,1,6.47566256373284,356.51958576596553,None,,,,,,,,,001,NENA_002_B,2020_Mar_02_1514,Control Task #6k,3.2.4,100.00259801146187,
9,Det var alldeles för varmt på gatan så barnen drack en Coca Cola.,,,Z,,,,2,,BRA                        DÅLIG,Skriv in bokstäverna som visades efter varje mening i samma ordning som de visades och tryck ENTER.,,,,,,,,,,,,,,,,,,,,,,,,,,,,,,,,,,,,,0,3,3,8,0,0,0,0,,,,,,,,,,,,,,,,,,,,,,,,,,,,,,,,,,,,,,,,,,,,,,,,,,,,,,,,,,,,,,,,,,,,,,,,,,,,,,370.39110496300236,None,0.009692958386949613,None,370.39110496300236,None,,,,,,,,,,,,,,,,,,,,372.4213822276961,None,372.4213822276961,None,JZ,372.4213822276961,None,,,,,,,,,,,,,,,,,,,,,,,,,,,,,,,,,,,,,,,,,,,,,,,,,,,,,,,,,,,,,,,,,,,,,,,,,,,,,,,,,,,,,,,365.050207338325,None,0.0005735681388614466,None,365.050207338325,None,365.050207338325,None,2,1,5.31266022654745,365.050207338325,None,,,,,,,,,001,NENA_002_B,2020_Mar_02_1514,Control Task #6k,3.2.4,100.00259801146187,
9,Det var alldeles för varmt på gatan så barnen drack en Coca Cola.,,,Z,,,,2,,BRA                        DÅLIG,Skriv in bokstäverna som visades efter varje mening i samma ordning som de visades och tryck ENTER.,,,,,,,,,,,,,,,,,,,,,,,,,,,,,,,,,,,,,0,3,3,8,,,,,,,,,,,,,,,,,,,,,,,,,,,,,,,,,,,,,,,,,,,,,,,,,,,,,,,,,,,,,,,,,,,,,,,,,,,,,,,,,,,,,,,,,,,,,,,,,,,,,,,,,,,,,,,,,,,,,,,,,,,,,,,,,,,,,,,,,,,,,,,,,,,,,,,,,,,,,,,,,,,,,,,,,,,,,,,,,,,,,,,,,,,,,,,,,,,,,,,,,,,,,,,,,,,,,,,,,,,,,001,NENA_002_B,2020_Mar_02_1514,Control Task #6k,3.2.4,100.00259801146187,
22,Skon beslöt sig för att röka en cigarett i trädgården direkt efter företagsmiddagen.,,,L,,,,3,,BRA                        DÅLIG,Skriv in bokstäverna som visades efter varje mening i samma ordning som de visades och tryck ENTER.,,,,,,,,,,,,,,,,,,,,,,,,,,,,,,,,,,,,,0,4,4,21,,,,,,,,,,,,,,,,,,,,,,,,,,,,,,,,,,,,,,,,,,,,,,,,,,,,,,,,,,,,,,,,,,,,,,,,,,,,,,,,,,384.5835888244819,None,0.00029991811425134074,None,384.5835888244819,None,,,,,,,,,,,,,,,,,,,,,,,,,,,,,,,,,,,,,,,,,,,,,,,,,,,,,,,,,,,,,,,,,,,,,,,,,,,,,,,,,,,,,,,,,,,,,,,,,,,,,,,,,,,,,,,,,376.20218830213526,None,0.0032782515900180442,None,376.20218830213526,None,376.20218830213526,None,3,1,8.352453981924555,376.20218830213526,None,,,,,,,,,001,NENA_002_B,2020_Mar_02_1514,Control Task #6k,3.2.4,100.00259801146187,
42,Under mordrättegången använde advokaten rostade argument för att hävda sin sak.,,,W,,,,3,,BRA                        DÅLIG,Skriv in bokstäverna som visades efter varje mening i samma ordning som de visades och tryck ENTER.,,,,,,,,,,,,,,,,,,,,,,,,,,,,,,,,,,,,,0,5,5,41,0,0,0,0,,,,,,,,,,,,,,,,,,,,,,,,,,,,,,,,,,,,,,,,,,,,,,,,,,,,,,,,,,,,,,,,,,,,,,,,,,,,,,395.5456723236621,None,0.009177218536933651,None,395.5456723236621,None,,,,,,,,,,,,,,,,,,,,397.5857152891531,None,397.5857152891531,None,LW,397.5857152891531,None,,,,,,,,,,,,,,,,,,,,,,,,,,,,,,,,,,,,,,,,,,,,,,,,,,,,,,,,,,,,,,,,,,,,,,,,,,,,,,,,,,,,,,,386.6138240730561,None,0.0008263063245976809,None,386.6138240730561,None,386.6138240730561,None,3,1,8.908584470520509,386.6138240730561,None,,,,,,,,,001,NENA_002_B,2020_Mar_02_1514,Control Task #6k,3.2.4,100.00259801146187,
42,Under mordrättegången använde advokaten rostade argument för att hävda sin sak.,,,W,,,,3,,BRA                        DÅLIG,Skriv in bokstäverna som visades efter varje mening i samma ordning som de visades och tryck ENTER.,,,,,,,,,,,,,,,,,,,,,,,,,,,,,,,,,,,,,0,5,5,41,,,,,,,,,,,,,,,,,,,,,,,,,,,,,,,,,,,,,,,,,,,,,,,,,,,,,,,,,,,,,,,,,,,,,,,,,,,,,,,,,,,,,,,,,,,,,,,,,,,,,,,,,,,,,,,,,,,,,,,,,,,,,,,,,,,,,,,,,,,,,,,,,,,,,,,,,,,,,,,,,,,,,,,,,,,,,,,,,,,,,,,,,,,,,,,,,,,,,,,,,,,,,,,,,,,,,,,,,,,,,001,NENA_002_B,2020_Mar_02_1514,Control Task #6k,3.2.4,100.00259801146187,
40,Innan de gick till gymmet låste Sofia och Markus havet med nyckeln.,,,R,,,,3,,BRA                        DÅLIG,Skriv in bokstäverna som visades efter varje mening i samma ordning som de visades och tryck ENTER.,,,,,,,,,,,,,,,,,,,,,,,,,,,,,,,,,,,,,0,6,6,39,,,,,,,,,,,,,,,,,,,,,,,,,,,,,,,,,,,,,,,,,,,,,,,,,,,,,,,,,,,,,,,,,,,,,,,,,,,,,,,,,,406.43759403512377,None,0.00013313657291291747,None,406.43759403512377,None,,,,,,,,,,,,,,,,,,,,,,,,,,,,,,,,,,,,,,,,,,,,,,,,,,,,,,,,,,,,,,,,,,,,,,,,,,,,,,,,,,,,,,,,,,,,,,,,,,,,,,,,,,,,,,,,,400.89608098655117,None,0.0010999563473887974,None,400.89608098655117,None,400.89608098655117,None,3,1,5.5140114136302145,400.89608098655117,None,,,,,,,,,001,NENA_002_B,2020_Mar_02_1514,Control Task #6k,3.2.4,100.00259801146187,
39,När slaget var över började soldaterna sjunga för fred.,,,J,,,,2,,BRA                        DÅLIG,Skriv in bokstäverna som visades efter varje mening i samma ordning som de visades och tryck ENTER.,,,,,,,,,,,,,,,,,,,,,,,,,,,,,,,,,,,,,0,7,7,38,,,,,,,,,,,,,,,,,,,,,,,,,,,,,,,,,,,,,,,,,,,,,,,,,,,,,,,,,,,,,,,,,,,,,,,,,,,,,,,,,,413.14874443968074,None,0.007963562082295539,None,413.14874443968074,None,,,,,,,,,,,,,,,,,,,,,,,,,,,,,,,,,,,,,,,,,,,,,,,,,,,,,,,,,,,,,,,,,,,,,,,,,,,,,,,,,,,,,,,,,,,,,,,,,,,,,,,,,,,,,,,,,408.4676400507924,None,0.002643583673489047,None,408.4676400507924,None,408.4676400507924,None,2,1,4.654332102463741,408.4676400507924,None,,,,,,,,,001,NENA_002_B,2020_Mar_02_1514,Control Task #6k,3.2.4,100.00259801146187,
32,På hotellet använde vi det nya batteriet till att ladda våra myggor.,,,L,,,,3,,BRA                        DÅLIG,Skriv in bokstäverna som visades efter varje mening i samma ordning som de visades och tryck ENTER.,,,,,,,,,,,,,,,,,,,,,,,,,,,,,,,,,,,,,0,8,8,31,0,0,0,0,,,,,,,,,,,,,,,,,,,,,,,,,,,,,,,,,,,,,,,,,,,,,,,,,,,,,,,,,,,,,,,,,,,,,,,,,,,,,,421.59021550420584,None,0.009354905027066707,None,421.59021550420584,None,,,,,,,,,,,,,,,,,,,,423.6202759528933,None,423.6202759528933,None,RJL,423.6202759528933,None,,,,,,,,,,,,,,,,,,,,,,,,,,,,,,,,,,,,,,,,,,,,,,,,,,,,,,,,,,,,,,,,,,,,,,,,,,,,,,,,,,,,,,,415.17904447646833,None,0.007681059807509882,None,415.17904447646833,None,415.17904447646833,None,3,1,6.382754339447274,415.17904447646833,None,,,,,,,,,001,NENA_002_B,2020_Mar_02_1514,Control Task #6k,3.2.4,100.00259801146187,
32,På hotellet använde vi det nya batteriet till att ladda våra myggor.,,,L,,,,3,,BRA                        DÅLIG,Skriv in bokstäverna som visades efter varje mening i samma ordning som de visades och tryck ENTER.,,,,,,,,,,,,,,,,,,,,,,,,,,,,,,,,,,,,,0,8,8,31,,,,,,,,,,,,,,,,,,,,,,,,,,,,,,,,,,,,,,,,,,,,,,,,,,,,,,,,,,,,,,,,,,,,,,,,,,,,,,,,,,,,,,,,,,,,,,,,,,,,,,,,,,,,,,,,,,,,,,,,,,,,,,,,,,,,,,,,,,,,,,,,,,,,,,,,,,,,,,,,,,,,,,,,,,,,,,,,,,,,,,,,,,,,,,,,,,,,,,,,,,,,,,,,,,,,,,,,,,,,,001,NENA_002_B,2020_Mar_02_1514,Control Task #6k,3.2.4,100.00259801146187,
6,Den rödhåriga fläkten tillbringade hela kvällen ensam i sovrummet.,,,K,,,,3,,BRA                        DÅLIG,Skriv in bokstäverna som visades efter varje mening i samma ordning som de visades och tryck ENTER.,,,,,,,,,,,,,,,,,,,,,,,,,,,,,,,,,,,,,0,9,9,5,,,,,,,,,,,,,,,,,,,,,,,,,,,,,,,,,,,,,,,,,,,,,,,,,,,,,,,,,,,,,,,,,,,,,,,,,,,,,,,,,,435.4525963556316,None,9.913879694067873e-05,None,435.4525963556316,None,,,,,,,,,,,,,,,,,,,,,,,,,,,,,,,,,,,,,,,,,,,,,,,,,,,,,,,,,,,,,,,,,,,,,,,,,,,,,,,,,,,,,,,,,,,,,,,,,,,,,,,,,,,,,,,,,427.6010720204413,None,0.00762579738329805,None,427.6010720204413,None,427.6010720204413,None,3,1,7.824365885349835,427.6010720204413,None,,,,,,,,,001,NENA_002_B,2020_Mar_02_1514,Control Task #6k,3.2.4,100.00259801146187,
30,Oscarsvinnaren för bästa kvinnliga biroll höll ett väldigt hårigt tal.,,,P,,,,3,,BRA                        DÅLIG,Skriv in bokstäverna som visades efter varje mening i samma ordning som de visades och tryck ENTER.,,,,,,,,,,,,,,,,,,,,,,,,,,,,,,,,,,,,,0,10,10,29,,,,,,,,,,,,,,,,,,,,,,,,,,,,,,,,,,,,,,,,,,,,,,,,,,,,,,,,,,,,,,,,,,,,,,,,,,,,,,,,,,443.1940522494515,None,0.0002989559161505895,None,443.1940522494515,None,,,,,,,,,,,,,,,,,,,,,,,,,,,,,,,,,,,,,,,,,,,,,,,,,,,,,,,,,,,,,,,,,,,,,,,,,,,,,,,,,,,,,,,,,,,,,,,,,,,,,,,,,,,,,,,,,437.48279888936486,None,0.007769582318360335,None,437.48279888936486,None,437.48279888936486,None,3,1,5.6865773893605365,437.48279888936486,None,,,,,,,,,001,NENA_002_B,2020_Mar_02_1514,Control Task #6k,3.2.4,100.00259801146187,
33,När lektionen började bad läraren studenterna att stänga av sin telefoner.,,,K,,,,2,,BRA                        DÅLIG,Skriv in bokstäverna som visades efter varje mening i samma ordning som de visades och tryck ENTER.,,,,,,,,,,,,,,,,,,,,,,,,,,,,,,,,,,,,,0,11,11,32,0,0,0,0,,,,,,,,,,,,,,,,,,,,,,,,,,,,,,,,,,,,,,,,,,,,,,,,,,,,,,,,,,,,,,,,,,,,,,,,,,,,,,451.6654676570506,None,0.009455615421757102,None,451.6654676570506,None,,,,,,,,,,,,,,,,,,,,453.7056135780713,None,453.7056135780713,None,.PK,453.7056135780713,None,,,,,,,,,,,,,,,,,,,,,,,,,,,,,,,,,,,,,,,,,,,,,,,,,,,,,,,,,,,,,,,,,,,,,,,,,,,,,,,,,,,,,,,445.2241008309902,None,0.001844956668719533,None,445.2241008309902,None,445.2241008309902,None,2,1,6.4172040293142345,445.2241008309902,None,,,,,,,,,001,NENA_002_B,2020_Mar_02_1514,Control Task #6k,3.2.4,100.00259801146187,
33,När lektionen började bad läraren studenterna att stänga av sin telefoner.,,,K,,,,2,,BRA                        DÅLIG,Skriv in bokstäverna som visades efter varje mening i samma ordning som de visades och tryck ENTER.,,,,,,,,,,,,,,,,,,,,,,,,,,,,,,,,,,,,,0,11,11,32,,,,,,,,,,,,,,,,,,,,,,,,,,,,,,,,,,,,,,,,,,,,,,,,,,,,,,,,,,,,,,,,,,,,,,,,,,,,,,,,,,,,,,,,,,,,,,,,,,,,,,,,,,,,,,,,,,,,,,,,,,,,,,,,,,,,,,,,,,,,,,,,,,,,,,,,,,,,,,,,,,,,,,,,,,,,,,,,,,,,,,,,,,,,,,,,,,,,,,,,,,,,,,,,,,,,,,,,,,,,,001,NENA_002_B,2020_Mar_02_1514,Control Task #6k,3.2.4,100.00259801146187,
36,När han var liten brukade Per äta tegelstenar med sylt till frukost.,,,T,,,,3,,BRA                        DÅLIG,Skriv in bokstäverna som visades efter varje mening i samma ordning som de visades och tryck ENTER.,,,,,,,,,,,,,,,,,,,,,,,,,,,,,,,,,,,,,0,12,12,35,,,,,,,,,,,,,,,,,,,,,,,,,,,,,,,,,,,,,,,,,,,,,,,,,,,,,,,,,,,,,,,,,,,,,,,,,,,,,,,,,,464.9681601205448,None,0.007476046803276404,None,464.9681601205448,None,,,,,,,,,,,,,,,,,,,,,,,,,,,,,,,,,,,,,,,,,,,,,,,,,,,,,,,,,,,,,,,,,,,,,,,,,,,,,,,,,,,,,,,,,,,,,,,,,,,,,,,,,,,,,,,,,459.4865399276623,None,0.008469647844322026,None,459.4865399276623,None,459.4865399276623,None,3,1,5.458323377224588,459.4865399276623,None,,,,,,,,,001,NENA_002_B,2020_Mar_02_1514,Control Task #6k,3.2.4,100.00259801146187,
16,Under förra fredagens konferens höll en elefant ett föredrag som var intressant och originellt.,,,X,,,,3,,BRA                        DÅLIG,Skriv in bokstäverna som visades efter varje mening i samma ordning som de visades och tryck ENTER.,,,,,,,,,,,,,,,,,,,,,,,,,,,,,,,,,,,,,0,13,13,15,,,,,,,,,,,,,,,,,,,,,,,,,,,,,,,,,,,,,,,,,,,,,,,,,,,,,,,,,,,,,,,,,,,,,,,,,,,,,,,,,,473.87940988841365,None,0.009583908917193185,None,473.87940988841365,None,,,,,,,,,,,,,,,,,,,,,,,,,,,,,,,,,,,,,,,,,,,,,,,,,,,,,,,,,,,,,,,,,,,,,,,,,,,,,,,,,,,,,,,,,,,,,,,,,,,,,,,,,,,,,,,,,466.9979331918057,None,0.007223052032713895,None,466.9979331918057,None,466.9979331918057,None,3,1,6.858772596893687,466.9979331918057,None,,,,,,,,,001,NENA_002_B,2020_Mar_02_1514,Control Task #6k,3.2.4,100.00259801146187,
25,Min mormor lagade en härlig citronkyckling med färska örter till julaftonsmiddagen.,,,K,,,,2,,BRA                        DÅLIG,Skriv in bokstäverna som visades efter varje mening i samma ordning som de visades och tryck ENTER.,,,,,,,,,,,,,,,,,,,,,,,,,,,,,,,,,,,,,0,14,14,24,0,0,0,0,,,,,,,,,,,,,,,,,,,,,,,,,,,,,,,,,,,,,,,,,,,,,,,,,,,,,,,,,,,,,,,,,,,,,,,,,,,,,,482.9411565850969,None,0.00812200454856793,None,482.9411565850969,None,,,,,,,,,,,,,,,,,,,,484.98119506031617,None,484.98119506031617,None,TXK,484.98119506031617,None,,,,,,,,,,,,,,,,,,,,,,,,,,,,,,,,,,,,,,,,,,,,,,,,,,,,,,,,,,,,,,,,,,,,,,,,,,,,,,,,,,,,,,,475.90952710697275,None,0.00653668183440459,None,475.90952710697275,None,475.90952710697275,None,2,1,7.010994752474289,475.90952710697275,None,,,,,,,,,001,NENA_002_B,2020_Mar_02_1514,Control Task #6k,3.2.4,100.00259801146187,
25,Min mormor lagade en härlig citronkyckling med färska örter till julaftonsmiddagen.,,,K,,,,2,,BRA                        DÅLIG,Skriv in bokstäverna som visades efter varje mening i samma ordning som de visades och tryck ENTER.,,,,,,,,,,,,,,,,,,,,,,,,,,,,,,,,,,,,,0,14,14,24,,,,,,,,,,,,,,,,,,,,,,,,,,,,,,,,,,,,,,,,,,,,,,,,,,,,,,,,,,,,,,,,,,,,,,,,,,,,,,,,,,,,,,,,,,,,,,,,,,,,,,,,,,,,,,,,,,,,,,,,,,,,,,,,,,,,,,,,,,,,,,,,,,,,,,,,,,,,,,,,,,,,,,,,,,,,,,,,,,,,,,,,,,,,,,,,,,,,,,,,,,,,,,,,,,,,,,,,,,,,,001,NENA_002_B,2020_Mar_02_1514,Control Task #6k,3.2.4,100.00259801146187,
29,"Eftersom hon hade kört för rött på ett vårdslöst sätt, gav polisen Maria en monetär bot.",,,J,,,,2,,BRA                        DÅLIG,Skriv in bokstäverna som visades efter varje mening i samma ordning som de visades och tryck ENTER.,,,,,,,,,,,,,,,,,,,,,,,,,,,,,,,,,,,,,0,15,15,28,,,,,,,,,,,,,,,,,,,,,,,,,,,,,,,,,,,,,,,,,,,,,,,,,,,,,,,,,,,,,,,,,,,,,,,,,,,,,,,,,,499.5639140549065,None,0.009267023984648404,None,499.5639140549065,None,,,,,,,,,,,,,,,,,,,,,,,,,,,,,,,,,,,,,,,,,,,,,,,,,,,,,,,,,,,,,,,,,,,,,,,,,,,,,,,,,,,,,,,,,,,,,,,,,,,,,,,,,,,,,,,,,488.80354256826286,None,0.0036240025583538227,None,488.80354256826286,None,488.80354256826286,None,2,1,10.732489782223638,488.80354256826286,None,,,,,,,,,001,NENA_002_B,2020_Mar_02_1514,Control Task #6k,3.2.4,100.00259801146187,
4,Bollen skakade hand med spelarna när de gick in på stadion.,,,C,,,,3,,BRA                        DÅLIG,Skriv in bokstäverna som visades efter varje mening i samma ordning som de visades och tryck ENTER.,,,,,,,,,,,,,,,,,,,,,,,,,,,,,,,,,,,,,0,16,16,3,,,,,,,,,,,,,,,,,,,,,,,,,,,,,,,,,,,,,,,,,,,,,,,,,,,,,,,,,,,,,,,,,,,,,,,,,,,,,,,,,,506.3849661192926,None,0.0012589119869517162,None,506.3849661192926,None,,,,,,,,,,,,,,,,,,,,,,,,,,,,,,,,,,,,,,,,,,,,,,,,,,,,,,,,,,,,,,,,,,,,,,,,,,,,,,,,,,,,,,,,,,,,,,,,,,,,,,,,,,,,,,,,,501.59414032293535,None,0.001744246275848127,None,501.59414032293535,None,501.59414032293535,None,3,1,4.765791245315995,501.59414032293535,None,,,,,,,,,001,NENA_002_B,2020_Mar_02_1514,Control Task #6k,3.2.4,100.00259801146187,
12,Under museibesöket hade Karl ett samtal med en loppa.,,,V,,,,3,,BRA                        DÅLIG,Skriv in bokstäverna som visades efter varje mening i samma ordning som de visades och tryck ENTER.,,,,,,,,,,,,,,,,,,,,,,,,,,,,,,,,,,,,,0,17,17,11,,,,,,,,,,,,,,,,,,,,,,,,,,,,,,,,,,,,,,,,,,,,,,,,,,,,,,,,,,,,,,,,,,,,,,,,,,,,,,,,,,513.5168088532773,None,0.007356413119850913,None,513.5168088532773,None,,,,,,,,,,,,,,,,,,,,,,,,,,,,,,,,,,,,,,,,,,,,,,,,,,,,,,,,,,,,,,,,,,,,,,,,,,,,,,,,,,,,,,,,,,,,,,,,,,,,,,,,,,,,,,,,,508.41561928392366,None,0.004819120604224736,None,508.41561928392366,None,508.41561928392366,None,3,1,5.080229619696183,508.41561928392366,None,,,,,,,,,001,NENA_002_B,2020_Mar_02_1514,Control Task #6k,3.2.4,100.00259801146187,
1,Kvinnan kysste patienten mitt framför hans möte med kirurgen.,,,H,,,,2,,BRA                        DÅLIG,Skriv in bokstäverna som visades efter varje mening i samma ordning som de visades och tryck ENTER.,,,,,,,,,,,,,,,,,,,,,,,,,,,,,,,,,,,,,0,18,18,0,0,0,0,0,,,,,,,,,,,,,,,,,,,,,,,,,,,,,,,,,,,,,,,,,,,,,,,,,,,,,,,,,,,,,,,,,,,,,,,,,,,,,,523.3281616087497,None,0.007803195212545688,None,523.3281616087497,None,,,,,,,,,,,,,,,,,,,,525.3683726387189,None,525.3683726387189,None,JCVH,525.3683726387189,None,,,,,,,,,,,,,,,,,,,,,,,,,,,,,,,,,,,,,,,,,,,,,,,,,,,,,,,,,,,,,,,,,,,,,,,,,,,,,,,,,,,,,,,515.5466742958542,None,0.002319963334230124,None,515.5466742958542,None,515.5466742958542,None,2,1,7.75708781465255,515.5466742958542,None,,,,,,,,,001,NENA_002_B,2020_Mar_02_1514,Control Task #6k,3.2.4,100.00259801146187,
1,Kvinnan kysste patienten mitt framför hans möte med kirurgen.,,,H,,,,2,,BRA                        DÅLIG,Skriv in bokstäverna som visades efter varje mening i samma ordning som de visades och tryck ENTER.,,,,,,,,,,,,,,,,,,,,,,,,,,,,,,,,,,,,,0,18,18,0,,,,,,,,,,,,,,,,,,,,,,,,,,,,,,,,,,,,,,,,,,,,,,,,,,,,,,,,,,,,,,,,,,,,,,,,,,,,,,,,,,,,,,,,,,,,,,,,,,,,,,,,,,,,,,,,,,,,,,,,,,,,,,,,,,,,,,,,,,,,,,,,,,,,,,,,,,,,,,,,,,,,,,,,,,,,,,,,,,,,,,,,,,,,,,,,,,,,,,,,,,,,,,,,,,,,,,,,,,,,,001,NENA_002_B,2020_Mar_02_1514,Control Task #6k,3.2.4,100.00259801146187,
11,Anna öppnade paketet hon fått och fann ett guldarmband.,,,M,,,,2,,BRA                        DÅLIG,Skriv in bokstäverna som visades efter varje mening i samma ordning som de visades och tryck ENTER.,,,,,,,,,,,,,,,,,,,,,,,,,,,,,,,,,,,,,0,19,19,10,,,,,,,,,,,,,,,,,,,,,,,,,,,,,,,,,,,,,,,,,,,,,,,,,,,,,,,,,,,,,,,,,,,,,,,,,,,,,,,,,,536.5104487032895,None,0.00937543198961066,None,536.5104487032895,None,,,,,,,,,,,,,,,,,,,,,,,,,,,,,,,,,,,,,,,,,,,,,,,,,,,,,,,,,,,,,,,,,,,,,,,,,,,,,,,,,,,,,,,,,,,,,,,,,,,,,,,,,,,,,,,,,530.3690946103598,None,0.007005530409514904,None,530.3690946103598,None,530.3690946103598,None,2,1,6.118218606341543,530.3690946103598,None,,,,,,,,,001,NENA_002_B,2020_Mar_02_1514,Control Task #6k,3.2.4,100.00259801146187,
5,Presidenten kunde inte stava vissa av orden.,,,D,,,,2,,BRA                        DÅLIG,Skriv in bokstäverna som visades efter varje mening i samma ordning som de visades och tryck ENTER.,,,,,,,,,,,,,,,,,,,,,,,,,,,,,,,,,,,,,0,20,20,4,,,,,,,,,,,,,,,,,,,,,,,,,,,,,,,,,,,,,,,,,,,,,,,,,,,,,,,,,,,,,,,,,,,,,,,,,,,,,,,,,,543.6918476861156,None,0.007736803330772091,None,543.6918476861156,None,,,,,,,,,,,,,,,,,,,,,,,,,,,,,,,,,,,,,,,,,,,,,,,,,,,,,,,,,,,,,,,,,,,,,,,,,,,,,,,,,,,,,,,,,,,,,,,,,,,,,,,,,,,,,,,,,538.5310968997564,None,0.006248310133742052,None,538.5310968997564,None,538.5310968997564,None,2,1,5.131972631148528,538.5310968997564,None,,,,,,,,,001,NENA_002_B,2020_Mar_02_1514,Control Task #6k,3.2.4,100.00259801146187,
14,"För att tvätta de kulörta skjortorna, blötte David och Lena dem i kall eld.",,,N,,,,3,,BRA                        DÅLIG,Skriv in bokstäverna som visades efter varje mening i samma ordning som de visades och tryck ENTER.,,,,,,,,,,,,,,,,,,,,,,,,,,,,,,,,,,,,,0,21,21,13,,,,,,,,,,,,,,,,,,,,,,,,,,,,,,,,,,,,,,,,,,,,,,,,,,,,,,,,,,,,,,,,,,,,,,,,,,,,,,,,,,552.6133869129735,None,0.009435088462851127,None,552.6133869129735,None,,,,,,,,,,,,,,,,,,,,,,,,,,,,,,,,,,,,,,,,,,,,,,,,,,,,,,,,,,,,,,,,,,,,,,,,,,,,,,,,,,,,,,,,,,,,,,,,,,,,,,,,,,,,,,,,,545.7321132408197,None,0.0041844206152745755,None,545.7321132408197,None,545.7321132408197,None,3,1,6.858845082719199,545.7321132408197,None,,,,,,,,,001,NENA_002_B,2020_Mar_02_1514,Control Task #6k,3.2.4,100.00259801146187,
27,Brudgummen var väldigt upprörd eftersom avskedsfesten hade blivit inställd.,,,V,,,,2,,BRA                        DÅLIG,Skriv in bokstäverna som visades efter varje mening i samma ordning som de visades och tryck ENTER.,,,,,,,,,,,,,,,,,,,,,,,,,,,,,,,,,,,,,0,22,22,26,0,0,0,0,,,,,,,,,,,,,,,,,,,,,,,,,,,,,,,,,,,,,,,,,,,,,,,,,,,,,,,,,,,,,,,,,,,,,,,,,,,,,,563.0851256201804,None,0.009362923372464138,None,563.0851256201804,None,,,,,,,,,,,,,,,,,,,,565.1252657679925,None,565.1252657679925,None,MDNV,565.1252657679925,None,,,,,,,,,,,,,,,,,,,,,,,,,,,,,,,,,,,,,,,,,,,,,,,,,,,,,,,,,,,,,,,,,,,,,,,,,,,,,,,,,,,,,,,554.6436869497611,None,0.009947685119186644,None,554.6436869497611,None,554.6436869497611,None,2,1,8.41903670188367,554.6436869497611,None,,,,,,,,,001,NENA_002_B,2020_Mar_02_1514,Control Task #6k,3.2.4,100.00259801146187,
27,Brudgummen var väldigt upprörd eftersom avskedsfesten hade blivit inställd.,,,V,,,,2,,BRA                        DÅLIG,Skriv in bokstäverna som visades efter varje mening i samma ordning som de visades och tryck ENTER.,,,,,,,,,,,,,,,,,,,,,,,,,,,,,,,,,,,,,0,22,22,26,,,,,,,,,,,,,,,,,,,,,,,,,,,,,,,,,,,,,,,,,,,,,,,,,,,,,,,,,,,,,,,,,,,,,,,,,,,,,,,,,,,,,,,,,,,,,,,,,,,,,,,,,,,,,,,,,,,,,,,,,,,,,,,,,,,,,,,,,,,,,,,,,,,,,,,,,,,,,,,,,,,,,,,,,,,,,,,,,,,,,,,,,,,,,,,,,,,,,,,,,,,,,,,,,,,,,,,,,,,,,001,NENA_002_B,2020_Mar_02_1514,Control Task #6k,3.2.4,100.00259801146187,
13,"Festen var tråkig, så Anna och Mikael bestämde sig för att sätta på TV:n.",,,L,,,,2,,BRA                        DÅLIG,Skriv in bokstäverna som visades efter varje mening i samma ordning som de visades och tryck ENTER.,,,,,,,,,,,,,,,,,,,,,,,,,,,,,,,,,,,,,0,23,23,12,,,,,,,,,,,,,,,,,,,,,,,,,,,,,,,,,,,,,,,,,,,,,,,,,,,,,,,,,,,,,,,,,,,,,,,,,,,,,,,,,,578.2778654271806,None,0.00964003732042329,None,578.2778654271806,None,,,,,,,,,,,,,,,,,,,,,,,,,,,,,,,,,,,,,,,,,,,,,,,,,,,,,,,,,,,,,,,,,,,,,,,,,,,,,,,,,,,,,,,,,,,,,,,,,,,,,,,,,,,,,,,,,570.2462927189281,None,0.008857767737936229,None,570.2462927189281,None,570.2462927189281,None,2,1,8.008080886482276,570.2462927189281,None,,,,,,,,,001,NENA_002_B,2020_Mar_02_1514,Control Task #6k,3.2.4,100.00259801146187,
31,Elektrikern sa att det var säkrast att koppla ur kylen för att förhindra olyckshändelser.,,,M,,,,2,,BRA                        DÅLIG,Skriv in bokstäverna som visades efter varje mening i samma ordning som de visades och tryck ENTER.,,,,,,,,,,,,,,,,,,,,,,,,,,,,,,,,,,,,,0,24,24,30,,,,,,,,,,,,,,,,,,,,,,,,,,,,,,,,,,,,,,,,,,,,,,,,,,,,,,,,,,,,,,,,,,,,,,,,,,,,,,,,,,585.7191382782567,None,0.009580060112057254,None,585.7191382782567,None,,,,,,,,,,,,,,,,,,,,,,,,,,,,,,,,,,,,,,,,,,,,,,,,,,,,,,,,,,,,,,,,,,,,,,,,,,,,,,,,,,,,,,,,,,,,,,,,,,,,,,,,,,,,,,,,,580.3086180192713,None,0.005556840273129637,None,580.3086180192713,None,580.3086180192713,None,2,1,5.385942753517156,580.3086180192713,None,,,,,,,,,001,NENA_002_B,2020_Mar_02_1514,Control Task #6k,3.2.4,100.00259801146187,
38,Eftersom de var väldigt torra vattnade Irene önskningarna med en slang.,,,C,,,,3,,BRA                        DÅLIG,Skriv in bokstäverna som visades efter varje mening i samma ordning som de visades och tryck ENTER.,,,,,,,,,,,,,,,,,,,,,,,,,,,,,,,,,,,,,0,25,25,37,,,,,,,,,,,,,,,,,,,,,,,,,,,,,,,,,,,,,,,,,,,,,,,,,,,,,,,,,,,,,,,,,,,,,,,,,,,,,,,,,,593.4105632373066,None,0.009757425868883729,None,593.4105632373066,None,,,,,,,,,,,,,,,,,,,,,,,,,,,,,,,,,,,,,,,,,,,,,,,,,,,,,,,,,,,,,,,,,,,,,,,,,,,,,,,,,,,,,,,,,,,,,,,,,,,,,,,,,,,,,,,,,587.7493408119899,None,0.008891188193956623,None,587.7493408119899,None,587.7493408119899,None,3,1,5.632737420743069,587.7493408119899,None,,,,,,,,,001,NENA_002_B,2020_Mar_02_1514,Control Task #6k,3.2.4,100.00259801146187,
37,"Filmen var väldigt bra, så alla barn hade roligt på bion.",,,Z,,,,2,,BRA                        DÅLIG,Skriv in bokstäverna som visades efter varje mening i samma ordning som de visades och tryck ENTER.,,,,,,,,,,,,,,,,,,,,,,,,,,,,,,,,,,,,,0,26,26,36,0,0,0,0,,,,,,,,,,,,,,,,,,,,,,,,,,,,,,,,,,,,,,,,,,,,,,,,,,,,,,,,,,,,,,,,,,,,,,,,,,,,,,599.8616495785081,None,0.0094873680609453,None,599.8616495785081,None,,,,,,,,,,,,,,,,,,,,601.9017675956948,None,601.9017675956948,None,LMCZ,601.9017675956948,None,,,,,,,,,,,,,,,,,,,,,,,,,,,,,,,,,,,,,,,,,,,,,,,,,,,,,,,,,,,,,,,,,,,,,,,,,,,,,,,,,,,,,,,595.4409546832103,None,0.0007114836462278618,None,595.4409546832103,None,595.4409546832103,None,2,1,4.396987219723087,595.4409546832103,None,,,,,,,,,001,NENA_002_B,2020_Mar_02_1514,Control Task #6k,3.2.4,100.00259801146187,
37,"Filmen var väldigt bra, så alla barn hade roligt på bion.",,,Z,,,,2,,BRA                        DÅLIG,Skriv in bokstäverna som visades efter varje mening i samma ordning som de visades och tryck ENTER.,,,,,,,,,,,,,,,,,,,,,,,,,,,,,,,,,,,,,0,26,26,36,,,,,,,,,,,,,,,,,,,,,,,,,,,,,,,,,,,,,,,,,,,,,,,,,,,,,,,,,,,,,,,,,,,,,,,,,,,,,,,,,,,,,,,,,,,,,,,,,,,,,,,,,,,,,,,,,,,,,,,,,,,,,,,,,,,,,,,,,,,,,,,,,,,,,,,,,,,,,,,,,,,,,,,,,,,,,,,,,,,,,,,,,,,,,,,,,,,,,,,,,,,,,,,,,,,,,,,,,,,,,001,NENA_002_B,2020_Mar_02_1514,Control Task #6k,3.2.4,100.00259801146187,
8,Eftersom det var middagsdags bestämde sig Linnea och Per för att äta en strand.,,,Q,,,,3,,BRA                        DÅLIG,Skriv in bokstäverna som visades efter varje mening i samma ordning som de visades och tryck ENTER.,,,,,,,,,,,,,,,,,,,,,,,,,,,,,,,,,,,,,0,27,27,7,,,,,,,,,,,,,,,,,,,,,,,,,,,,,,,,,,,,,,,,,,,,,,,,,,,,,,,,,,,,,,,,,,,,,,,,,,,,,,,,,,612.9837962109159,None,0.0021050075829407433,None,612.9837962109159,None,,,,,,,,,,,,,,,,,,,,,,,,,,,,,,,,,,,,,,,,,,,,,,,,,,,,,,,,,,,,,,,,,,,,,,,,,,,,,,,,,,,,,,,,,,,,,,,,,,,,,,,,,,,,,,,,,605.9424725556164,None,0.008359379586181603,None,605.9424725556164,None,605.9424725556164,None,3,1,7.015337487262514,605.9424725556164,None,,,,,,,,,001,NENA_002_B,2020_Mar_02_1514,Control Task #6k,3.2.4,100.00259801146187,
24,Salladen sprang snabbare än en gepard ända till slutet på loppet.,,,S,,,,3,,BRA                        DÅLIG,Skriv in bokstäverna som visades efter varje mening i samma ordning som de visades och tryck ENTER.,,,,,,,,,,,,,,,,,,,,,,,,,,,,,,,,,,,,,0,28,28,23,,,,,,,,,,,,,,,,,,,,,,,,,,,,,,,,,,,,,,,,,,,,,,,,,,,,,,,,,,,,,,,,,,,,,,,,,,,,,,,,,,621.4654164038002,None,0.009649659332353622,None,621.4654164038002,None,,,,,,,,,,,,,,,,,,,,,,,,,,,,,,,,,,,,,,,,,,,,,,,,,,,,,,,,,,,,,,,,,,,,,,,,,,,,,,,,,,,,,,,,,,,,,,,,,,,,,,,,,,,,,,,,,615.0140433266388,None,0.0011130422826681752,None,615.0140433266388,None,615.0140433266388,None,3,1,6.431468341495929,615.0140433266388,None,,,,,,,,,001,NENA_002_B,2020_Mar_02_1514,Control Task #6k,3.2.4,100.00259801146187,
7,Barnen grät när de fick nyheten om dödsolyckan.,,,S,,,,2,,BRA                        DÅLIG,Skriv in bokstäverna som visades efter varje mening i samma ordning som de visades och tryck ENTER.,,,,,,,,,,,,,,,,,,,,,,,,,,,,,,,,,,,,,0,29,29,6,,,,,,,,,,,,,,,,,,,,,,,,,,,,,,,,,,,,,,,,,,,,,,,,,,,,,,,,,,,,,,,,,,,,,,,,,,,,,,,,,,628.9877040307583,None,0.005103868013975443,None,628.9877040307583,None,,,,,,,,,,,,,,,,,,,,,,,,,,,,,,,,,,,,,,,,,,,,,,,,,,,,,,,,,,,,,,,,,,,,,,,,,,,,,,,,,,,,,,,,,,,,,,,,,,,,,,,,,,,,,,,,,623.4959297285222,None,0.004931698147629504,None,623.4959297285222,None,623.4959297285222,None,2,1,5.477374961152236,623.4959297285222,None,,,,,,,,,001,NENA_002_B,2020_Mar_02_1514,Control Task #6k,3.2.4,100.00259801146187,
17,Planet till New York började sjunka fem minuter efter att det hade lyft.,,,M,,,,2,,BRA                        DÅLIG,Skriv in bokstäverna som visades efter varje mening i samma ordning som de visades och tryck ENTER.,,,,,,,,,,,,,,,,,,,,,,,,,,,,,,,,,,,,,0,30,30,16,,,,,,,,,,,,,,,,,,,,,,,,,,,,,,,,,,,,,,,,,,,,,,,,,,,,,,,,,,,,,,,,,,,,,,,,,,,,,,,,,,637.378336232232,None,0.009465878902119584,None,637.378336232232,None,,,,,,,,,,,,,,,,,,,,,,,,,,,,,,,,,,,,,,,,,,,,,,,,,,,,,,,,,,,,,,,,,,,,,,,,,,,,,,,,,,,,,,,,,,,,,,,,,,,,,,,,,,,,,,,,,631.0170027368222,None,0.008666995310704806,None,631.0170027368222,None,631.0170027368222,None,2,1,6.33208257867409,631.0170027368222,None,,,,,,,,,001,NENA_002_B,2020_Mar_02_1514,Control Task #6k,3.2.4,100.00259801146187,
26,Osten klagade eftersom föraren inte ville sluta tuta på fotgängarna.,,,F,,,,3,,BRA                        DÅLIG,Skriv in bokstäverna som visades efter varje mening i samma ordning som de visades och tryck ENTER.,,,,,,,,,,,,,,,,,,,,,,,,,,,,,,,,,,,,,0,31,31,25,0,0,0,0,,,,,,,,,,,,,,,,,,,,,,,,,,,,,,,,,,,,,,,,,,,,,,,,,,,,,,,,,,,,,,,,,,,,,,,,,,,,,,645.3495218341104,None,0.0015061976973811397,None,645.3495218341104,None,,,,,,,,,,,,,,,,,,,,647.3897719935958,None,647.3897719935958,None,QSSMF,647.3897719935958,None,,,,,,,,,,,,,,,,,,,,,,,,,,,,,,,,,,,,,,,,,,,,,,,,,,,,,,,,,,,,,,,,,,,,,,,,,,,,,,,,,,,,,,,639.4084486397842,None,0.009257786852685967,None,639.4084486397842,None,639.4084486397842,None,3,1,5.916483500976028,639.4084486397842,None,,,,,,,,,001,NENA_002_B,2020_Mar_02_1514,Control Task #6k,3.2.4,100.00259801146187,
26,Osten klagade eftersom föraren inte ville sluta tuta på fotgängarna.,,,F,,,,3,,BRA                        DÅLIG,Skriv in bokstäverna som visades efter varje mening i samma ordning som de visades och tryck ENTER.,,,,,,,,,,,,,,,,,,,,,,,,,,,,,,,,,,,,,0,31,31,25,,,,,,,,,,,,,,,,,,,,,,,,,,,,,,,,,,,,,,,,,,,,,,,,,,,,,,,,,,,,,,,,,,,,,,,,,,,,,,,,,,,,,,,,,,,,,,,,,,,,,,,,,,,,,,,,,,,,,,,,,,,,,,,,,,,,,,,,,,,,,,,,,,,,,,,,,,,,,,,,,,,,,,,,,,,,,,,,,,,,,,,,,,,,,,,,,,,,,,,,,,,,,,,,,,,,,,,,,,,,,001,NENA_002_B,2020_Mar_02_1514,Control Task #6k,3.2.4,100.00259801146187,
2,Muren berättade för Ola och Martin att det fanns brev till dem i postlådan.,,,R,,,,3,,BRA                        DÅLIG,Skriv in bokstäverna som visades efter varje mening i samma ordning som de visades och tryck ENTER.,,,,,,,,,,,,,,,,,,,,,,,,,,,,,,,,,,,,,0,32,32,1,,,,,,,,,,,,,,,,,,,,,,,,,,,,,,,,,,,,,,,,,,,,,,,,,,,,,,,,,,,,,,,,,,,,,,,,,,,,,,,,,,660.6023459748412,None,0.00975870880211005,None,660.6023459748412,None,,,,,,,,,,,,,,,,,,,,,,,,,,,,,,,,,,,,,,,,,,,,,,,,,,,,,,,,,,,,,,,,,,,,,,,,,,,,,,,,,,,,,,,,,,,,,,,,,,,,,,,,,,,,,,,,,652.3519850692046,None,0.0042206314519717125,None,652.3519850692046,None,652.3519850692046,None,3,1,8.228626704740236,652.3519850692046,None,,,,,,,,,001,NENA_002_B,2020_Mar_02_1514,Control Task #6k,3.2.4,100.00259801146187,
15,John ringde sin bror för att prata om det kommande jullovet.,,,F,,,,2,,BRA                        DÅLIG,Skriv in bokstäverna som visades efter varje mening i samma ordning som de visades och tryck ENTER.,,,,,,,,,,,,,,,,,,,,,,,,,,,,,,,,,,,,,0,33,33,14,,,,,,,,,,,,,,,,,,,,,,,,,,,,,,,,,,,,,,,,,,,,,,,,,,,,,,,,,,,,,,,,,,,,,,,,,,,,,,,,,,667.5535739199859,None,0.009268627653000294,None,667.5535739199859,None,,,,,,,,,,,,,,,,,,,,,,,,,,,,,,,,,,,,,,,,,,,,,,,,,,,,,,,,,,,,,,,,,,,,,,,,,,,,,,,,,,,,,,,,,,,,,,,,,,,,,,,,,,,,,,,,,662.6224469995523,None,0.005441344052087516,None,662.6224469995523,None,662.6224469995523,None,2,1,4.909936363219458,662.6224469995523,None,,,,,,,,,001,NENA_002_B,2020_Mar_02_1514,Control Task #6k,3.2.4,100.00259801146187,
19,"I går gick jag till skogen, så jag skrev ett varningsmeddelande till min mamma.",,,P,,,,2,,BRA                        DÅLIG,Skriv in bokstäverna som visades efter varje mening i samma ordning som de visades och tryck ENTER.,,,,,,,,,,,,,,,,,,,,,,,,,,,,,,,,,,,,,0,34,34,18,,,,,,,,,,,,,,,,,,,,,,,,,,,,,,,,,,,,,,,,,,,,,,,,,,,,,,,,,,,,,,,,,,,,,,,,,,,,,,,,,,676.905340569514,None,0.009658319144364214,None,676.905340569514,None,,,,,,,,,,,,,,,,,,,,,,,,,,,,,,,,,,,,,,,,,,,,,,,,,,,,,,,,,,,,,,,,,,,,,,,,,,,,,,,,,,,,,,,,,,,,,,,,,,,,,,,,,,,,,,,,,669.5836965910185,None,0.009184018093947088,None,669.5836965910185,None,669.5836965910185,None,2,1,7.300468175033529,669.5836965910185,None,,,,,,,,,001,NENA_002_B,2020_Mar_02_1514,Control Task #6k,3.2.4,100.00259801146187,
20,"Katten slutade inte skälla, eftersom den ville få mat på en gång.",,,T,,,,3,,BRA                        DÅLIG,Skriv in bokstäverna som visades efter varje mening i samma ordning som de visades och tryck ENTER.,,,,,,,,,,,,,,,,,,,,,,,,,,,,,,,,,,,,,0,35,35,19,,,,,,,,,,,,,,,,,,,,,,,,,,,,,,,,,,,,,,,,,,,,,,,,,,,,,,,,,,,,,,,,,,,,,,,,,,,,,,,,,,686.336742198393,None,0.001472199921408901,None,686.336742198393,None,,,,,,,,,,,,,,,,,,,,,,,,,,,,,,,,,,,,,,,,,,,,,,,,,,,,,,,,,,,,,,,,,,,,,,,,,,,,,,,,,,,,,,,,,,,,,,,,,,,,,,,,,,,,,,,,,678.935602438989,None,0.0010742335034592543,None,678.935602438989,None,678.935602438989,None,3,1,7.372344605306353,678.935602438989,None,,,,,,,,,001,NENA_002_B,2020_Mar_02_1514,Control Task #6k,3.2.4,100.00259801146187,
21,"Det var redan ganska sent, så sköterskan beslöt sig för att säga godnatt.",,,W,,,,2,,BRA                        DÅLIG,Skriv in bokstäverna som visades efter varje mening i samma ordning som de visades och tryck ENTER.,,,,,,,,,,,,,,,,,,,,,,,,,,,,,,,,,,,,,0,36,36,20,0,0,0,0,,,,,,,,,,,,,,,,,,,,,,,,,,,,,,,,,,,,,,,,,,,,,,,,,,,,,,,,,,,,,,,,,,,,,,,,,,,,,,694.4783163146676,None,0.00995563931610377,None,694.4783163146676,None,,,,,,,,,,,,,,,,,,,,696.5184320867174,None,696.5184320867174,None,..PTW,696.5184320867174,None,,,,,,,,,,,,,,,,,,,,,,,,,,,,,,,,,,,,,,,,,,,,,,,,,,,,,,,,,,,,,,,,,,,,,,,,,,,,,,,,,,,,,,,688.3670897037737,None,0.009047385523444973,None,688.3670897037737,None,688.3670897037737,None,2,1,6.084666008735439,688.3670897037737,None,,,,,,,,,001,NENA_002_B,2020_Mar_02_1514,Control Task #6k,3.2.4,100.00259801146187,
21,"Det var redan ganska sent, så sköterskan beslöt sig för att säga godnatt.",,,W,,,,2,,BRA                        DÅLIG,Skriv in bokstäverna som visades efter varje mening i samma ordning som de visades och tryck ENTER.,,,,,,,,,,,,,,,,,,,,,,,,,,,,,,,,,,,,,0,36,36,20,,,,,,,,,,,,,,,,,,,,,,,,,,,,,,,,,,,,,,,,,,,,,,,,,,,,,,,,,,,,,,,,,,,,,,,,,,,,,,,,,,,,,,,,,,,,,,,,,,,,,,,,,,,,,,,,,,,,,,,,,,,,,,,,,,,,,,,,,,,,,,,,,,,,,,,,,,,,,,,,,,,,,,,,,,,,,,,,,,,,,,,,,,,,,,,,,,,,,,,,,,,,,,,,,,,,,,,,,,,,,001,NENA_002_B,2020_Mar_02_1514,Control Task #6k,3.2.4,100.00259801146187,
28,Paraplyet somnade under flygturen och alla passagerare blev upprörda.,,,H,,,,3,,BRA                        DÅLIG,Skriv in bokstäverna som visades efter varje mening i samma ordning som de visades och tryck ENTER.,,,,,,,,,,,,,,,,,,,,,,,,,,,,,,,,,,,,,0,37,37,27,,,,,,,,,,,,,,,,,,,,,,,,,,,,,,,,,,,,,,,,,,,,,,,,,,,,,,,,,,,,,,,,,,,,,,,,,,,,,,,,,,708.3206173098079,None,0.0011428063753555762,None,708.3206173098079,None,,,,,,,,,,,,,,,,,,,,,,,,,,,,,,,,,,,,,,,,,,,,,,,,,,,,,,,,,,,,,,,,,,,,,,,,,,,,,,,,,,,,,,,,,,,,,,,,,,,,,,,,,,,,,,,,,701.91047455443,None,0.004347321279055905,None,701.91047455443,None,701.91047455443,None,3,1,6.388974328792756,701.91047455443,None,,,,,,,,,001,NENA_002_B,2020_Mar_02_1514,Control Task #6k,3.2.4,100.00259801146187,
18,Avokadon började hosta just efter att kockens assistent dykt upp bakifrån.,,,Q,,,,3,,BRA                        DÅLIG,Skriv in bokstäverna som visades efter varje mening i samma ordning som de visades och tryck ENTER.,,,,,,,,,,,,,,,,,,,,,,,,,,,,,,,,,,,,,0,38,38,17,,,,,,,,,,,,,,,,,,,,,,,,,,,,,,,,,,,,,,,,,,,,,,,,,,,,,,,,,,,,,,,,,,,,,,,,,,,,,,,,,,715.5520000795423,None,0.00017002095228235703,None,715.5520000795423,None,,,,,,,,,,,,,,,,,,,,,,,,,,,,,,,,,,,,,,,,,,,,,,,,,,,,,,,,,,,,,,,,,,,,,,,,,,,,,,,,,,,,,,,,,,,,,,,,,,,,,,,,,,,,,,,,,710.3509378735562,None,0.009196847444400191,None,710.3509378735562,None,710.3509378735562,None,3,1,5.180546151821545,710.3509378735562,None,,,,,,,,,001,NENA_002_B,2020_Mar_02_1514,Control Task #6k,3.2.4,100.00259801146187,
35,Eftersom det var så varmt köpte flickorna en bikini och gick och simmade i poolen.,,,C,,,,2,,BRA                        DÅLIG,Skriv in bokstäverna som visades efter varje mening i samma ordning som de visades och tryck ENTER.,,,,,,,,,,,,,,,,,,,,,,,,,,,,,,,,,,,,,0,39,39,34,,,,,,,,,,,,,,,,,,,,,,,,,,,,,,,,,,,,,,,,,,,,,,,,,,,,,,,,,,,,,,,,,,,,,,,,,,,,,,,,,,725.2838445454909,None,0.009413920037331991,None,725.2838445454909,None,,,,,,,,,,,,,,,,,,,,,,,,,,,,,,,,,,,,,,,,,,,,,,,,,,,,,,,,,,,,,,,,,,,,,,,,,,,,,,,,,,,,,,,,,,,,,,,,,,,,,,,,,,,,,,,,,717.582164125226,None,0.008064657355134841,None,717.582164125226,None,717.582164125226,None,2,1,7.677315881997856,717.582164125226,None,,,,,,,,,001,NENA_002_B,2020_Mar_02_1514,Control Task #6k,3.2.4,100.00259801146187,
10,De starka vindarna fick alla äpplen i trädet att börja skratta.,,,V,,,,3,,BRA                        DÅLIG,Skriv in bokstäverna som visades efter varje mening i samma ordning som de visades och tryck ENTER.,,,,,,,,,,,,,,,,,,,,,,,,,,,,,,,,,,,,,0,40,40,9,,,,,,,,,,,,,,,,,,,,,,,,,,,,,,,,,,,,,,,,,,,,,,,,,,,,,,,,,,,,,,,,,,,,,,,,,,,,,,,,,,732.8350803165395,None,0.009305512034188723,None,732.8350803165395,None,,,,,,,,,,,,,,,,,,,,,,,,,,,,,,,,,,,,,,,,,,,,,,,,,,,,,,,,,,,,,,,,,,,,,,,,,,,,,,,,,,,,,,,,,,,,,,,,,,,,,,,,,,,,,,,,,727.3039423628652,None,0.005873051664821105,None,727.3039423628652,None,727.3039423628652,None,3,1,5.507215707229989,727.3039423628652,None,,,,,,,,,001,NENA_002_B,2020_Mar_02_1514,Control Task #6k,3.2.4,100.00259801146187,
34,Det bästa jag vet efter jobbet är att krypa ner i sängen och läsa en tomat.,,,D,,,,3,,BRA                        DÅLIG,Skriv in bokstäverna som visades efter varje mening i samma ordning som de visades och tryck ENTER.,,,,,,,,,,,,,,,,,,,,,,,,,,,,,,,,,,,,,0,41,41,33,0,0,0,0,,,,,,,,,,,,,,,,,,,,,,,,,,,,,,,,,,,,,,,,,,,,,,,,,,,,,,,,,,,,,,,,,,,,,,,,,,,,,,741.5467278583874,None,0.009172407533696969,None,741.5467278583874,None,,,,,,,,,,,,,,,,,,,,743.586693847783,None,743.586693847783,None,HQCVD,743.586693847783,None,,,,,,,,,,,,,,,,,,,,,,,,,,,,,,,,,,,,,,,,,,,,,,,,,,,,,,,,,,,,,,,,,,,,,,,,,,,,,,,,,,,,,,,734.8653046601648,None,0.007576179876195965,None,734.8653046601648,None,734.8653046601648,None,3,1,6.657569268063526,734.8653046601648,None,,,,,,,,,001,NENA_002_B,2020_Mar_02_1514,Control Task #6k,3.2.4,100.00259801146187,
34,Det bästa jag vet efter jobbet är att krypa ner i sängen och läsa en tomat.,,,D,,,,3,,BRA                        DÅLIG,Skriv in bokstäverna som visades efter varje mening i samma ordning som de visades och tryck ENTER.,,,,,,,,,,,,,,,,,,,,,,,,,,,,,,,,,,,,,0,41,41,33,,,,,,,,,,,,,,,,,,,,,,,,,,,,,,,,,,,,,,,,,,,,,,,,,,,,,,,,,,,,,,,,,,,,,,,,,,,,,,,,,,,,,,,,,,,,,,,,,,,,,,,,,,,,,,,,,,,,,,,,,,,,,,,,,,,,,,,,,,,,,,,,,,,,,,,,,,,,,,,,,,,,,,,,,,,,,,,,,,,,,,,,,,,,,,,,,,,,,,,,,,,,,,,,,,,,,,,,,,,,,001,NENA_002_B,2020_Mar_02_1514,Control Task #6k,3.2.4,100.00259801146187,
,,,,,,,,,,,,,,,,,,,,,,,,,,,,,,,,,,,,,,,,,,,,,,,,,,,,,,,,,,,,,,,,,,,,,,,,,,,,,,,,,,,,,,,,,,,,,,,,,,,,,,,,,,,,,,,,,,,,,,,,,,,,,,,,,,,,,,,,,,,,,,,,,,,,,,,,,,,,,,,,,,,,,,,,,,,,,,,,,,,,,,,,,,,,,,,,,,,,,,,,,,,,,,,,,,,,,,,,,,,,,,,,,,,,,,,,,,,,,,,,,,,,,,,,,,,,,,,,,,,,,,,,751.4980045550619,None,751.4980045550619,None,3,11.240416876880772,751.4980045550619,None,001,NENA_002_B,2020_Mar_02_1514,Control Task #6k,3.2.4,100.00259801146187,
